20
3
0.28868000000000 0.28868000000000 0.28868000000000 
0.28868000000000 0.28868000000000 -0.28868000000000 
0.28868000000000 -0.28868000000000 0.28868000000000 
0.28868000000000 -0.28868000000000 -0.28868000000000 
-0.28868000000000 0.28868000000000 0.28868000000000 
-0.28868000000000 0.28868000000000 -0.28868000000000 
-0.28868000000000 -0.28868000000000 0.28868000000000 
-0.28868000000000 -0.28868000000000 -0.28868000000000 
0.17841000000000 0.46709000000000 0.00000000000000 
-0.17841000000000 0.46709000000000 0.00000000000000 
0.17841000000000 -0.46709000000000 0.00000000000000 
-0.17841000000000 -0.46709000000000 0.00000000000000 
0.46709000000000 0.00000000000000 0.17841000000000 
-0.46709000000000 0.00000000000000 0.17841000000000 
0.46709000000000 0.00000000000000 -0.17841000000000 
-0.46709000000000 0.00000000000000 -0.17841000000000 
0.00000000000000 0.17841000000000 0.46709000000000 
0.00000000000000 -0.17841000000000 0.46709000000000 
0.00000000000000 0.17841000000000 -0.46709000000000 
0.00000000000000 -0.17841000000000 -0.46709000000000 
